 Threshold_Factor=   2.3999999999999999     
 Wealth_Factor=  0.66164150822883172     
 Threshold=   3.0564382699890476     
 Wealth_Tax_Below=   0.0000000000000000     
 Wealth_Tax_Above=   2.3447914287703504E-002
 Welfare_Gain_Pop(bench)   1.1660027599585656     
 Welfare_Gain_Pop(exp)   1.2688122617868316     
 Welfare_Gain_NB(bench)   2.2254911424231802     
 Welfare_Gain_NB(exp)   2.3001726745956947     
 Output_Gain(prct)=   2.7779709622625104     
 W/GDP=   3.0617731281741003     
 Wealth_held_by_Top_1%  0.39456102934855364     
 Wealth_held_by_Top_10%  0.72609821300695176     
 STD_Labor_Earnings  0.80608798178173913     
 Mean_Labor_Earnings  0.40276707122212163     
 Moments   7.0966979553278263E-003
  
 GBAR_bench=  0.30417415268987963      GBAR_exp=  0.30430791571078558     
 QBAR_bench=   8.4907023270955602      QBAR_exp=   9.2330361654004882     
 NBAR_bench=  0.56606848946940680      NBAR_exp=  0.56585013190469913     
 YBAR_bench=   1.3834823083937484      YBAR_exp=   1.4219150451889657     
 EBAR_bench=   1.2735159458287699      EBAR_exp=   1.3088938490036761     
 rr_bench=   6.6594489787766997E-002 rr_exp=   6.3471316493983937E-002
 wage_bench=   1.6374929250922512      wage_exp=   1.6836314539148300     
